A = [3 8 0;1 2 5]

A =

     3     8     0
     1     2     5

B = [1 2 3 4; 4 5 1 2;0 2 3 0]

B =

     1     2     3     4
     4     5     1     2
     0     2     3     0

C = [ 5 4 5; 7 9 3]

C =

     5     4     5
     7     9     3

3*A

ans =

     9    24     0
     3     6    15

A+C

ans =

     8    12     5
     8    11     8

A-C

ans =

    -2     4    -5
    -6    -7     2

A.*C

ans =

    15    32     0
     7    18    15

A./C

ans =

    0.6000    2.0000         0
    0.1429    0.2222    1.6667

transpose A

ans =

A

clear ans
A transpose
{오류: "A"은(는) 이전에 변수로 사용되었으므로 여기에서 함수 또는 명령의 이름으로 사용되면 용도가 상충합니다.
자세한 내용은 <a href="matlab: helpview([docroot '/techdoc/matlab_prog/matlab_prog.map'],'function_call_command_syntax')">MATLAB 도움말 문서의 "How MATLAB Recognizes Command Syntax"</a> 항목을
참조하십시오.
} 
A'

ans =

     3     1
     8     2
     0     5

A*B

ans =

    35    46    17    28
     9    22    20     8

B(2:3,3:4)

ans =

     1     2
     3     0

A = [4 -2 1; 1 1 5; -2 3 -1]

A =

     4    -2     1
     1     1     5
    -2     3    -1

x = [x y z]
{'x'은(는) 정의되지 않은 함수 또는 변수입니다.
} 
X = [x y z]
{'x'은(는) 정의되지 않은 함수 또는 변수입니다.
} 
X = [x;y;z]
{'x'은(는) 정의되지 않은 함수 또는 변수입니다.
} 
D = [x;y;z]
{'x'은(는) 정의되지 않은 함수 또는 변수입니다.
} 
Y = [7;10;2]

Y =

     7
    10
     2

x= inv(A)*Y

x =

    3.0244
    2.9512
    0.8049

A\Y

ans =

    3.0244
    2.9512
    0.8049

diary off
